177 611
760 825
554 716
438 724
83 925
463 921
703 843
211 945
597 824
165 980
419 539
33 829
418 606
22 410
446 912
104 118
396 764
120 497
386 938
522 684
126 221
1 372
21 357
246 634
502 555
61 357
247 624
506 758
186 394
508 739
345 611
290 696
768 778
271 793
59 388
249 935
106 114
70 592
313 631
259 403
277 893
589 871
134 934
203 539
531 873
602 821
351 807
17 801
196 391
128 987
330 951
526 544
447 987
71 500
57 842
62 262
203 670
565 697
32 35
54 478
439 660
16 822
629 856
272 576
114 988
357 543
363 916
843 933
273 505
32 488
224 622
668 700
424 806
184 555
715 911
451 494
109 233
149 610
20 127
69 263
474 784
474 599
360 833
83 970
868 965
374 869
34 418
606 893
88 599
632 926
589 904
574 947
58 884
88 225
705 718
546 883
616 644
125 778
218 853
905 981
89 183
676 821
267 801
11 639
394 606
155 328
681 960
29 639
496 894
648 796
244 274
615 864
73 456
8 851
285 470
140 262
171 501
394 887
67 784
599 911
814 862
490 723
414 608
174 656
447 480
173 210
155 790
11 761
619 764
763 936
23 841
392 873
236 584
674 874
673 709
131 414
44 847
17 696
49 755
188 928
110 975
661 944
636 745
205 628
569 651
330 731
387 914
139 438
536 982
187 225
141 640
18 507
84 849
468 593
476 643
613 859
30 733
355 937
427 620
388 800
324 875
569 975
322 917
500 781
911 981
220 645
613 719
653 899
304 828
321 459
358 948
337 977
256 509
431 870
242 327
812 832
172 253
354 950
97 522
458 601
73 119
9 982
628 974
128 457
362 921
31 646
14 641
337 352
148 721
5 617
631 724
278 786
292 333
152 984
412 728
93 641
300 811
328 349
326 725
196 265
174 417
323 859
678 972
460 461
127 251
30 312
7 448
132 510
74 258
68 995
377 381
203 966
193 386
300 528
526 639
516 907
350 739
376 810
244 472
255 505
500 679
189 920
228 711
759 921
177 390
622 805
181 498
756 911
396 682
456 619
419 644
5 143
143 440
178 197
558 903
450 590
84 214
450 643
55 705
320 540
126 896
116 356
328 519
898 975
490 952
383 609
156 470
118 151
283 788
445 631
464 957
294 525
395 562
509 943
550 576
267 754
847 893
135 302
392 559
393 782
196 976
95 718
537 571
32 368
715 969
12 573
58 244
143 894
553 581
36 257
520 849
13 423
384 913
398 740
905 998
161 442
600 634
92 540
97 160
253 414
504 609
464 549
800 929
330 332
117 496
178 955
462 850
24 561
151 331
77 986
191 655
601 626
535 836
3 127
312 628
331 394
64 479
182 437
732 752
660 684
152 396
312 553
48 93
116 317
702 779
177 777
197 446
13 49
175 734
206 573
475 781
634 655
83 997
772 880
555 700
671 891
140 372
44 175
141 632
564 638
137 421
270 628
62 806
730 735
426 636
234 324
417 739
364 795
845 847
704 979
912 966
316 963
72 989
268 460
848 876
68 581
426 811
443 470
93 209
426 613
211 528
187 980
144 420
242 501
708 921
220 228
425 656
130 956
813 972
558 626
158 323
378 463
151 829
501 536
265 666
361 668
191 661
862 872
184 811
420 664
471 892
477 708
741 988
913 944
296 573
266 343
399 969
191 239
491 887
7 909
540 898
501 724
137 985
387 652
136 539
445 942
136 883
520 950
261 308
233 665
488 658
143 571
120 795
529 897
260 560
174 719
383 809
619 744
638 746
47 168
442 715
263 777
398 901
82 475
692 779
763 836
87 567
317 544
807 924
141 338
191 492
265 325
195 555
438 583
180 216
239 729
701 745
495 648
189 737
36 179
87 87
190 390
285 415
547 980
10 859
809 837
418 597
235 771
15 832
140 886
388 756
487 800
198 416
736 799
162 403
499 565
158 374
126 221
698 704
391 876
1 698
805 869
833 874
496 600
295 595
90 262
33 618
10 649
93 826
499 811
588 670
440 977
351 904
89 350
218 543
551 625
412 860
13 759
328 858
110 752
414 540
654 859
410 870
104 677
189 234
204 653
494 866
217 397
290 866
470 608
372 834
865 992
358 838
329 551
262 329
361 581
432 840
508 970
190 354
247 524
183 935
170 203
115 847
51 812
444 445
15 307
702 956
208 665
30 968
469 991
9 443
302 397
406 832
291 766
197 212
109 776
645 892
923 970
54 778
218 356
329 876
297 417
469 615
265 457
41 956
270 485
135 742
841 960
414 474
891 921
205 902
67 656
147 731
124 694
337 503
523 679
219 463
520 910
712 840
67 224
185 487
591 984
74 159
573 749
279 629
510 938
663 771
48 904
179 441
246 688
398 493
105 475
35 947
56 879
389 404
855 970
249 286
255 314
11 313
453 863
154 965
119 604
280 285
630 879
66 580
155 789
457 903
46 715
741 843
529 599
547 701
420 964
92 402
8 990
15 60
41 875
721 752
396 447
140 213
487 833
181 677
186 304
239 778
173 179
417 621
434 560
91 547
73 738
20 706
24 991
289 424
140 775
198 350
505 856
513 629
52 459
369 929
24 654
181 287
426 929
319 380
828 929
404 602
332 861
166 876
110 327
480 972
360 499
625 920
641 940
194 878
349 771
820 949
429 676
277 800
661 843
285 697
636 889
92 194
106 718
200 566
252 769
209 458
231 397
261 512
140 317
197 684
372 939
954 998
152 230
89 316
227 875
318 780
160 289
389 963
706 961
324 766
22 218
26 559
195 336
184 472
443 549
507 713
491 595
356 667
352 812
53 83
572 788
440 861
134 226
267 313
545 771
224 731
81 479
678 780
91 801
462 754
364 777
508 941
749 753
229 547
800 869
606 908
20 212
174 458
281 654
177 720
208 256
655 761
74 139
60 190
515 618
486 589
437 775
360 598
499 876
66 177
780 931
536 734
33 727
483 682
592 745
527 820
369 491
577 931
108 362
409 411
116 253
318 624
320 440
44 913
86 417
235 574
66 152
258 797
89 813
155 590
610 756
344 798
149 626
103 516
193 230
796 800
219 272
641 973
153 841
97 698
166 206
82 749
616 645
638 736
360 520
9 234
272 844
350 867
380 584
587 772
77 179
245 520
26 731
111 354
743 935
350 413
382 988
331 432
135 445
386 630
60 948
77 209
234 883
382 911
543 587
200 728
247 773
91 861
414 463
87 356
598 926
50 349
707 798
22 748
739 868
259 725
64 976
37 479
193 798
117 311
208 676
164 821
157 753
446 951
695 906
11 554
215 886
454 842
620 990
64 781
225 770
272 657
125 873
73 248
273 329
467 611
558 653
56 962
296 747
728 914
76 737
26 880
353 875
461 947
152 908
36 403
788 852
266 813
24 493
489 600
221 481
30 617
530 902
238 975
12 713
248 464
364 745
435 663
119 762
395 462
314 674
747 817
341 865
811 866
835 847
139 808
402 686
743 809
130 537
178 641
490 746
337 460
360 533
358 965
204 385
260 983
425 568
506 921
212 943
147 756
1 359
445 558
515 732
141 634
122 674
406 622
502 597
482 947
337 623
864 943
420 914
686 757
662 689
557 986
105 162
111 201
68 979
233 865
164 344
209 708
450 475
64 266
919 939
37 132
708 879
347 468
448 508
957 968
737 999
615 736
702 966
818 949
211 988
314 732
193 501
342 418
614 731
667 728
410 943
847 939
439 680
544 599
449 598
198 352
437 990
120 216
92 265
321 544
503 569
468 905
353 918
394 931
96 903
575 857
691 806
969 972
436 623
142 970
138 221
291 589
47 974
746 906
557 670
235 639
220 840
228 341
203 794
166 253
481 963
28 36
8 540
65 300
766 886
256 809
16 680
7 981
293 354
7 229
223 371
338 821
656 878
74 756
355 720
82 619
415 895
255 443
71 813
702 840
408 568
570 790
420 901
16 741
692 989
553 876
334 890
294 825
219 957
531 767
179 623
63 173
447 822
48 341
291 994
409 484
131 399
248 613
338 516
189 507
386 568
385 707
383 466
620 999
852 971
67 742
113 608
41 510
132 362
479 733
821 880
31 425
615 708
266 674
91 581
41 197
657 812
354 878
362 844
82 830
178 622
348 791
529 739
500 687
142 478
24 108
221 310
375 691
224 231
349 611
69 739
709 846
684 930
365 750
647 905
272 815
273 487
222 522
94 831
803 966
528 685
13 359
686 712
132 908
355 859
39 241
522 834
894 960
241 630
894 994
799 893
191 793
418 601
491 513
230 641
173 373
132 596
605 678
166 258
605 748
789 869
329 411
431 936
268 927
49 983
285 412
253 256
666 970
419 980
172 800
488 641
138 322
260 711
822 889
150 854
510 820
88 618
330 333
559 693
23 767
139 773
478 828
25 958
438 761
688 875
204 409
363 860
278 419
448 620
282 586
275 809
228 585
215 508
162 183
689 990
41 772
243 320
230 989
158 561
411 969
897 955
122 427
505 813
183 562
127 797
735 967
364 574
66 792
63 546
225 822
146 832
351 355
271 709
636 659
357 615
